lastAccountName: xZebaa
timestamps:
  login: 1570479383438
  logout: 1570479939723
ipAddress: 127.0.0.1
logoutlocation:
  world: world
  x: -226.38370751799997
  y: 97.0
  z: -152.953853493473
  yaw: 88.35013
  pitch: 37.79998
afk: false
lastlocation:
  world: world
  x: -187.92500001192093
  y: 77.0
  z: 85.07499998807907
  yaw: 113.10467
  pitch: 6.0007586
