lastAccountName: xZebaa
timestamps:
  login: 1570244491155
  logout: 1570245235115
ipAddress: 127.0.0.1
logoutlocation:
  world: world
  x: -182.08789354183037
  y: 154.7960941322165
  z: 176.21804243499162
  yaw: 117.60485
  pitch: 24.600185
afk: false
