lastAccountName: xZebaa
timestamps:
  login: 1570250044123
  logout: 1570250098301
ipAddress: 127.0.0.1
logoutlocation:
  world: world
  x: -209.37479115637478
  y: 79.37429331309657
  z: 73.14984389276044
  yaw: -80.24664
  pitch: 36.300365
afk: false
