lastAccountName: xZebaa
timestamps:
  login: 1569959516869
  logout: 1569960197867
ipAddress: 127.0.0.1
logoutlocation:
  world: world
  x: -99.26083704492079
  y: 69.0
  z: -207.43068205106601
  yaw: 349.8039
  pitch: 33.300026
